-155 400 0 0
-195 287 25 0
-230 250 50 0
-150 450 0 0
-170 350 0 0
-250 225 70 0
-140 287 0 0
-270 100 50 0
-150 100 100 0
-100 225 100 0
-25 250 95 0
50 250 90 0
-40 75 100 0
75 225 0 0
50 125 95 0
-290 150 0 0
-310 50 0 0
-310 -50 0 0
-290 -150 0 0
-250 -240 0 0
-160 -300 0 0
-50 -325 0 0
50 -325 0 0
150 -320 0 0
260 -300 0 0
360 -250 0 0
450 -175 0 0
500 -100 0 0
525 -50 0 0
525 25 0 0
490 75 0 0
425 100 0 0
300 125 0 0
200 140 0 0
-190 50 100 0
-300 -25 90 0
-225 -175 100 0
-125 -250 100 0
-25 -300 100 0
50 -290 100 0
200 -280 100 0
300 -240 100 0
400 -190 100 0
490 -70 100 0
425 70 100 0
350 100 100 0
225 125 100 0
225 125 170 0
350 90 170 0
425 0 175 0
420 -100 175 0
250 -175 170 0
125 -200 170 0
12 -210 170 0
-150 -175 170 0
-200 -50 170 0
50 100 170 0
-75 75 170 0
-100 -50 200 0
25 -50 200 0
150 -40 200 0
275 -30 200 0